# R script for Peak Model
#  -- generated by MACS
p <- c(0.0317117327281,0.0370301581229,0.0425308348553,0.0476338723058,0.0530185709142,0.0531842539484,0.0529854343074,0.0537641445677,0.0537807128711,0.0540623740291,0.0544765816144,0.0546754012553,0.0546091280417,0.0546754012553,0.0542777619735,0.0543937400973,0.054460013311,0.0538469860848,0.0545097182212,0.0540458057257,0.0538635543882,0.0540623740291,0.0540458057257,0.0543440351871,0.0550067673235,0.0549736307167,0.0551558820542,0.0559014557077,0.0566304610578,0.0567464391817,0.0566138927544,0.0567795757885,0.0570943735533,0.0573428981044,0.0571772150703,0.0571275101601,0.0572600565874,0.0567630074851,0.056315663293,0.0567961440919,0.0564316414168,0.0563819365066,0.0563653682032,0.0565641878441,0.056961827126,0.0568458490021,0.0570281003396,0.057243488284,0.0567795757885,0.057243488284,0.0576742641727,0.0574423079249,0.0573926030147,0.0572600565874,0.0571109418567,0.0579393570272,0.0577736739931,0.0572103516772,0.0574257396215,0.0572931931942,0.0577405373863,0.0576576958692,0.0579393570272,0.0579227887238,0.0580056302409,0.0581547449716,0.0582044498818,0.0587512038943,0.0588506137148,0.058817477108,0.0588837503216,0.0592979579069,0.059380799424,0.0596458922785,0.0591985480864,0.0586683623773,0.0585523842534,0.0589334552319,0.0586683623773,0.058817477108,0.0592979579069,0.0593476628171,0.0592979579069,0.0588671820182,0.0597950070092,0.0599606900433,0.0605405806627,0.0611536078889,0.0618660449356,0.0618660449356,0.0612033127991,0.0613689958332,0.0614352690469,0.0619985913628,0.0614021324401,0.0613358592264,0.0610541980684,0.0602423512013,0.0599606900433,0.0600932364706,0.0604411708422,0.0602257828979,0.0601263730774,0.0598778485263,0.0606896953934,0.0606234221798,0.060026963257,0.0604908757525,0.0605074440559,0.0606234221798,0.0606896953934,0.0608056735173,0.0610873346753,0.0613027226196,0.0617832034185,0.0625784819822,0.063821104738,0.0625453453754,0.06281043823,0.062611618589,0.0627773016231,0.0633737605459,0.0639702194687,0.0638542413448,0.0626778918027,0.0626613234993,0.0617832034185,0.0628767114436,0.0626613234993,0.0624293672515,0.0628767114436,0.0625453453754,0.0621974110038,0.0622636842174,0.0627110284095,0.0621808427004,0.0630755310845,0.0631915092084,0.0632743507255,0.0627773016231,0.0624293672515,0.0627938699266,0.0631086676914,0.063456602063,0.0637051266141,0.0638045364346,0.0640199243789,0.0638376730414,0.0643678587506,0.0657264596303,0.0659749841814,0.0659252792712,0.065958415878,0.0662897819462,0.0659418475746,0.0669525140826,0.0664554649803,0.0668199676554,0.0661572355189,0.0658093011473,0.0656601864166,0.0655607765961,0.0649808859768,0.06567675472,0.0659418475746,0.0648649078529,0.0655442082927,0.065593913203,0.0661240989121,0.0665051698906,0.0661572355189,0.0669690823861,0.0675158363986,0.0664223283735,0.0666377163178,0.0673667216679,0.0672673118474,0.0677146560395,0.0682614100521,0.0680791587146,0.0687584591544,0.0684270930862,0.068178568535,0.0689241421885,0.0694543278977,0.0699016720897,0.0698022622693,0.0694708962011,0.0692720765601,0.0697691256625,0.0696034426284,0.0697194207522,0.0698685354829,0.0696200109318,0.0691560984363,0.0688578689749,0.0691560984363,0.0692886448636,0.069106393526,0.0685265029067,0.0686756176374,0.0687915957612,0.0691726667397,0.0695703060215,0.0698022622693,0.0694377595942,0.0695703060215,0.0701170600341,0.0709289069012,0.0713928193967,0.071889868499,0.0712768412728,0.0712934095762,0.071807026982,0.0721383930502,0.0722875077809,0.0723703492979,0.0726023055457,0.0725194640286,0.0725857372423,0.0726023055457,0.0727679885798,0.0727679885798,0.0723703492979,0.07208868814,0.0720721198366,0.0717904586786,0.0713431144865,0.0710448850251,0.0711442948456,0.0710780216319,0.0715750707342,0.0713596827899,0.071889868499,0.0719561417127,0.0720721198366,0.0719395734093,0.0718733001956,0.0716910488581,0.0710614533285,0.0712105680592,0.070597540833,0.0708626336876,0.0701170600341,0.0709454752046,0.0716082073411,0.0719395734093,0.0727514202764,0.0729668082207,0.073381015806,0.0732319010753,0.0745739336516,0.0753857805187,0.0759159662278,0.0755514635528,0.0754189171255,0.076164490779,0.0758331247108,0.0763964470267,0.0768272229154,0.0770757474666,0.0763798787233,0.0756674416767,0.0760319443517,0.0762307639926,0.0763798787233,0.0759325345312,0.0760650809585,0.075882829621,0.076446151937,0.0769432010393,0.0774402501416,0.0775727965689,0.0774733867484,0.0774402501416,0.078020140761,0.0782355287053,0.0777550479064,0.0775230916587,0.0775727965689,0.0776059331757,0.0777219112996,0.0781526871883,0.0782686653122,0.0789976706622,0.0789811023588,0.079875790743,0.0806213643965,0.0809692987681,0.0808533206442,0.0811184134988,0.0803231349351,0.0802568617214,0.0797101077089,0.0798426541362,0.0800580420805,0.079594129585,0.0800911786873,0.0810355719817,0.0817811456352,0.0832557246388,0.0875966201324,0.0917055593782,0.0957647937139,0.0987470883278,0.104131786936,0.109450212331,0.114271588624,0.119026691702,0.123417292106,0.126416155024,0.127426821532,0.128785422411,0.130409116146,0.132447017465,0.132794951837,0.133308569243,0.133325137546,0.133010339781,0.133639935311,0.134385508964,0.134750011639,0.134600896909,0.134435213874,0.134087279503,0.1335902304,0.133308569243,0.133623367007,0.134617465212,0.134252962537,0.13412041611,0.134700306729,0.135561858506,0.135826951361,0.136373705373,0.137649464736,0.137400940185,0.136738208049,0.136589093318,0.137235257151,0.137599759826,0.137500350005,0.13786485268,0.138792677671,0.138759541065,0.137417508488,0.13849444821,0.139090907133,0.138063672321,0.13854415312,0.138295628569,0.138080240625,0.13766603304,0.138212787052,0.139438841504,0.140250688372,0.140101573641,0.141559584341,0.142553682546,0.141609289251,0.142437704422,0.143978556639,0.144624720472,0.144343059314,0.143531212447,0.142967890131,0.142785638793,0.14213947496,0.142106338354,0.141592720948,0.140963125418,0.140383234799,0.140350098192,0.139935890607,0.139621092842,0.14000216382,0.141377333004,0.140913420508,0.141658994161,0.143299256199,0.143995124942,0.144724130292,0.14422708119,0.145618818677,0.145983321352,0.145817638318,0.145370294125,0.145850774924,0.146298119116,0.147424763748,0.146960851253,0.146149004386,0.147358490535,0.146430665544,0.146530075364,0.147275649018,0.146347824027,0.147010556163,0.146977419556,0.146198709296,0.145933616441,0.145552545463,0.144690993686,0.143846010212,0.144608152169,0.144193944583,0.144873245023,0.144608152169,0.144326491011,0.143564349054,0.14417737628,0.146016457959,0.146115867779,0.148054359278,0.147855539637,0.14777269812,0.147242512411,0.146828304826,0.146712326702,0.147126534287,0.147126534287,0.146861441432,0.146828304826,0.145900479835,0.145469703946,0.145502840553,0.145718228497,0.146629485185,0.147507605265,0.148153769098,0.148302883829,0.14772299321,0.148849637842,0.14981059944,0.150456763273,0.150837834251,0.151020085589,0.151351451657,0.150141965508,0.149479233371,0.14986030435,0.149777462833,0.149031889179,0.147855539637,0.147888676244,0.149313550337,0.149876872653,0.149479233371,0.149893440957,0.150241375328,0.150307648542,0.15053960479,0.151119495409,0.150970380678,0.14991000926,0.149595211495,0.149412960158,0.149081594089,0.149694621316,0.149098162393,0.148352588739,0.148302883829,0.148236610616,0.149247277124,0.150274511935,0.149876872653,0.150291080238,0.150423626666,0.150108828901,0.150721856127,0.15199761549,0.152130161917,0.151981047186,0.151715954332,0.151599976208,0.150821265948,0.15063901461,0.149760894529,0.150390490059,0.150340785149,0.149512369978,0.149379823551,0.148766796325,0.148750228021,0.148833069538,0.14928041373,0.150141965508,0.152130161917,0.150605878003,0.150771561037,0.150754992734,0.150970380678,0.151715954332,0.15214673022,0.152527801199,0.153173965032,0.152163298524,0.151252041836,0.152246140041,0.151699386028,0.152196435131,0.153356216369,0.15214673022,0.151865069062,0.15126861014,0.150324216845,0.150970380678,0.151086358802,0.150506468183,0.151599976208,0.15136801996,0.150407058362,0.151384588264,