# R script for Peak Model
#  -- generated by MACS
p <- c(0.0123352606362,0.0138037440453,0.015859620818,0.0172302053331,0.0196776776816,0.0197755765755,0.0191881832119,0.0193839809998,0.0186007898483,0.0180133964846,0.0182091942725,0.0188944865301,0.0186986887422,0.0193839809998,0.019090284318,0.019090284318,0.0193839809998,0.0200692732574,0.0210482621967,0.0211461610907,0.0204608688331,0.020558767727,0.020656666621,0.0199713743634,0.0201671721513,0.0208524644089,0.0207545655149,0.0198734754695,0.0202650710452,0.0198734754695,0.0199713743634,0.020558767727,0.0214398577725,0.0216356555604,0.0210482621967,0.0209503633028,0.0210482621967,0.0220272511361,0.0210482621967,0.0210482621967,0.022223048924,0.0217335544543,0.0212440599846,0.0213419588785,0.0216356555604,0.0219293522422,0.0219293522422,0.0207545655149,0.0210482621967,0.0207545655149,0.0195797787877,0.0193839809998,0.0193839809998,0.0198734754695,0.0197755765755,0.018992385424,0.0194818798937,0.0193839809998,0.0186007898483,0.0188944865301,0.0193839809998,0.0186986887422,0.0187965876362,0.0186986887422,0.0185028909543,0.0186986887422,0.0179154975907,0.0186007898483,0.0188944865301,0.0186986887422,0.0186986887422,0.0187965876362,0.0182091942725,0.0181112953786,0.0177196998028,0.0173281042271,0.0173281042271,0.0164470141816,0.0173281042271,0.0180133964846,0.017426003121,0.0183070931665,0.0187965876362,0.018992385424,0.0195797787877,0.0200692732574,0.0200692732574,0.020656666621,0.018992385424,0.0188944865301,0.019090284318,0.0187965876362,0.0185028909543,0.0185028909543,0.0193839809998,0.0197755765755,0.0187965876362,0.0182091942725,0.0192860821058,0.0193839809998,0.0194818798937,0.0194818798937,0.018992385424,0.0183070931665,0.0172302053331,0.0164470141816,0.0168386097574,0.017523902015,0.0173281042271,0.0161533174998,0.0159575197119,0.0152722274544,0.0168386097574,0.017523902015,0.0177196998028,0.0166428119695,0.0172302053331,0.0173281042271,0.017523902015,0.0185028909543,0.0193839809998,0.0199713743634,0.0192860821058,0.0195797787877,0.0194818798937,0.0210482621967,0.0211461610907,0.020656666621,0.0209503633028,0.0215377566664,0.020656666621,0.0203629699392,0.0198734754695,0.018992385424,0.019090284318,0.0188944865301,0.019090284318,0.0203629699392,0.0194818798937,0.0183070931665,0.019090284318,0.019090284318,0.0191881832119,0.018992385424,0.019090284318,0.0192860821058,0.018992385424,0.0178175986968,0.0186986887422,0.0199713743634,0.018992385424,0.0182091942725,0.0186986887422,0.0187965876362,0.0186007898483,0.018992385424,0.0195797787877,0.0197755765755,0.0192860821058,0.0186986887422,0.019090284318,0.0196776776816,0.0193839809998,0.020558767727,0.0213419588785,0.0204608688331,0.0202650710452,0.0202650710452,0.0204608688331,0.0201671721513,0.0198734754695,0.0201671721513,0.0192860821058,0.0184049920604,0.0182091942725,0.0182091942725,0.017523902015,0.0172302053331,0.0178175986968,0.0183070931665,0.0194818798937,0.0192860821058,0.0201671721513,0.0201671721513,0.0193839809998,0.0199713743634,0.020558767727,0.0213419588785,0.0201671721513,0.020656666621,0.0193839809998,0.0198734754695,0.0197755765755,0.0203629699392,0.020656666621,0.020656666621,0.0202650710452,0.0191881832119,0.0188944865301,0.017426003121,0.0185028909543,0.0180133964846,0.0180133964846,0.0172302053331,0.0169365086513,0.0164470141816,0.0173281042271,0.0186007898483,0.0188944865301,0.0196776776816,0.0194818798937,0.0203629699392,0.0203629699392,0.0202650710452,0.0207545655149,0.020656666621,0.0203629699392,0.0195797787877,0.0201671721513,0.0193839809998,0.018992385424,0.0182091942725,0.017523902015,0.017426003121,0.0167407108634,0.0173281042271,0.0163491152877,0.0162512163938,0.0169365086513,0.0187965876362,0.0186986887422,0.0186986887422,0.0187965876362,0.0185028909543,0.0188944865301,0.0184049920604,0.0187965876362,0.0188944865301,0.0178175986968,0.0165449130756,0.0167407108634,0.0167407108634,0.0172302053331,0.0180133964846,0.0180133964846,0.0181112953786,0.017523902015,0.017426003121,0.0186007898483,0.0183070931665,0.0183070931665,0.0180133964846,0.0184049920604,0.017523902015,0.0179154975907,0.0173281042271,0.0183070931665,0.0197755765755,0.018992385424,0.0201671721513,0.0203629699392,0.020656666621,0.0196776776816,0.020656666621,0.0210482621967,0.0217335544543,0.0213419588785,0.0201671721513,0.0192860821058,0.019090284318,0.0185028909543,0.0182091942725,0.018992385424,0.0197755765755,0.018992385424,0.018992385424,0.019090284318,0.0188944865301,0.0191881832119,0.018992385424,0.0194818798937,0.0196776776816,0.019090284318,0.0186986887422,0.018992385424,0.0192860821058,0.0196776776816,0.0198734754695,0.0210482621967,0.0213419588785,0.0216356555604,0.0219293522422,0.0223209478179,0.0223209478179,0.0219293522422,0.0211461610907,0.0214398577725,0.022223048924,0.0224188467119,0.0224188467119,0.0288801737118,0.0419007266056,0.0554107739691,0.0694103158023,0.0837035543172,0.0978988939383,0.111506840196,0.125897977605,0.140582811695,0.15487605021,0.162610062832,0.16456804071,0.165644928544,0.167505007528,0.169169288725,0.172595750013,0.173868435634,0.176707503559,0.176805402453,0.177686492498,0.178959178119,0.178371784756,0.181308751574,0.179938167059,0.181896144937,0.181602448256,0.182483538301,0.179057077013,0.179448672589,0.178861279225,0.176609604665,0.180525560422,0.179154975907,0.178371784756,0.174651626786,0.17426003121,0.176903301347,0.175924312407,0.172497851119,0.171714659968,0.174162132316,0.171225165498,0.171127266604,0.17200835665,0.174357930104,0.173966334528,0.170246176559,0.170148277665,0.174945323468,0.178567582543,0.178861279225,0.181994043831,0.182875133877,0.183168830559,0.181798246043,0.184637313968,0.184245718392,0.186986887422,0.18669319074,0.18395202171,0.182287740513,0.182091942725,0.180036065953,0.180133964846,0.183756223922,0.182385639407,0.181994043831,0.180427661528,0.177294896922,0.178763380331,0.179252874801,0.178861279225,0.179154975907,0.179840268165,0.177588593604,0.177588593604,0.180623459316,0.181798246043,0.185812100695,0.18669319074,0.189825955346,0.190021753134,0.191686034331,0.190315449816,0.190021753134,0.18767217968,0.187280584104,0.187476381892,0.183658325028,0.183070931665,0.180917155998,0.179644470377,0.18121085268,0.184735212862,0.188259573043,0.188651168619,0.188357471937,0.190119652028,0.191392337649,0.191783933225,0.192077629907,0.19315451774,0.192175528801,0.189336460877,0.189532258665,0.189238561983,0.188553269725,0.189630157558,0.192665023271,0.190707045392,0.192273427695,0.189434359771,0.189825955346,0.191588135437,0.18669319074,0.187084786316,0.18669319074,0.183364628346,0.182875133877,0.181015054892,0.181015054892,0.182679336089,0.181994043831,0.182189841619,0.184539415074,0.184833111756,0.184147819498,0.185420505119,0.184343617286,0.186497392952,0.183168830559,0.184539415074,0.183560426134,0.181798246043,0.182091942725,0.182581437195,0.184343617286,0.182875133877,0.182973032771,0.186301595165,0.186301595165,0.184245718392,0.185616302907,0.185714201801,0.185224707331,0.184049920604,0.181994043831,0.184637313968,0.184637313968,0.184539415074,0.187084786316,0.187770078574,0.185909999589,0.187280584104,0.187476381892,0.187476381892,0.190217550922,0.190511247604,0.189630157558,0.187770078574,0.18767217968,0.189825955346,0.19090284318,0.190609146498,0.190119652028,0.191098640968,0.18767217968,0.184931010649,0.186105797377,0.186105797377,0.18395202171,0.181798246043,0.182581437195,0.184147819498,0.185322606225,0.18669319074,0.19041334871,0.191979731013,0.189434359771,0.189728056452,0.190119652028,0.190021753134,0.186203696271,0.184637313968,0.183266729452,0.182777234983,0.182777234983,0.181504549362,0.184833111756,0.185028909543,0.184735212862,0.183560426134,0.186986887422,0.189042764195,0.188651168619,0.187378482998,0.186888988528,0.189728056452,0.189140663089,0.188259573043,0.190511247604,0.191490236543,0.190119652028,0.189238561983,0.191783933225,0.191196539861,0.194916697831,0.195699888983,0.196091484558,0.196580979028,0.198734754695,0.198930552483,0.20010533921,0.201769620407,